3331 32
3339 8
3361 24
3372 8
3383 23
3390 22
3396 24
3419 24
3426 22
3432 21
3438 24
3446 24
3457 8
3467 21
3474 21
3480 24
3487 24
3499 8
3512 21
3519 21
3525 21
3531 24
3540 8
3550 21
3567 22
3573 22
3579 24
3589 24
3605 8
3619 23
3626 23
3632 23
3638 23
3644 24
3651 24
3663 8
3675 81
3682 18
3688 16
3698 24
3705 24
3713 24
3723 8
3733 67
3740 24
3749 8
3759 67
3766 24
3776 8
3787 67
3794 24
3803 8
3813 19
3820 48
3830 68
15869 408
124901 96
124908 368
124916 3072
156396 88
156503 5
156611 5
156718 56
177400 480
192251 48
195762 48
540462 24
540470 8
540478 4
540485 40
780252 48
853110 48
854138 48
854657 48
859042 73
867160 48
867470 48
892652 48
894613 1016
932337 48
933907 48
1336461 160
1451134 32
1451142 8
1451164 24
1451176 8
1451189 23
1451196 22
1451202 24
1451226 24
1451233 22
1451239 21
1451245 24
1451253 24
1451266 8
1451279 21
1451286 21
1451292 24
1451299 24
1451309 8
1451319 21
1451326 21
1451332 21
1451338 24
1451349 8
1451362 21
1451379 22
1451385 22
1451391 24
1451401 24
1451414 8
1451424 23
1451431 23
1451437 23
1451443 23
1451449 24
1451456 24
1451468 8
1451481 81
1451488 18
1451494 16
1451504 24
1451511 24
1451519 24
1451529 8
1451539 67
1451546 24
1451556 8
1451566 67
1451573 24
1451582 8
1451592 67
1451599 24
1451608 8
1451619 19
1451626 48
1451636 68
1463792 408
1572830 96
1572837 368
1572845 3072
1604101 88
1604208 5
1604316 5
1604423 56
1625831 480
1967068 24
1967076 8
1967084 4
1967091 40
2207023 48
2279867 48
2280511 48
2283236 48
2283744 48
2290212 73
2295483 4096
2763811 160
2878558 32
2878566 8
2878588 24
2878600 8
2878612 23
2878619 22
2878625 24
2878649 24
2878656 22
2878662 21
2878668 24
2878676 24
2878689 8
2878702 21
2878709 21
2878715 24
2878722 24
2878732 8
2878742 21
2878749 21
2878755 21
2878761 24
2878772 8
2878785 21
2878802 22
2878808 22
2878814 24
2878824 24
2878837 8
2878847 23
2878854 23
2878860 23
2878866 23
2878872 24
2878879 24
2878891 8
2878904 81
2878911 18
2878917 16
2878927 24
2878934 24
2878942 24
2878952 8
2878962 67
2878969 24
2878978 8
2878988 67
2878995 24
2879004 8
2879014 67
2879021 24
2879031 8
2879041 19
2879048 48
2879058 68
2891123 408
3000163 96
3000170 368
3000178 3072
3031433 88
3031540 5
3031648 5
3031755 56
3052179 480
3396263 24
3396271 8
3396279 4
3396286 40
3636053 48
3708259 48
3708391 48
3709424 48
3710709 48
3711874 48
3714218 48
3733192 73
4189413 160
4304162 32
4304170 8
4304192 24
4304204 8
4304216 23
4304223 22
4304229 24
4304253 24
4304260 22
4304266 21
4304272 24
4304280 24
4304293 8
4304306 21
4304313 21
4304319 24
4304326 24
4304336 8
4304346 21
4304353 21
4304359 21
4304365 24
4304376 8
4304389 21
4304406 22
4304412 22
4304418 24
4304428 24
4304441 8
4304451 23
4304458 23
4304464 23
4304470 23
4304476 24
4304483 24
4304495 8
4304508 81
4304515 18
4304521 16
4304531 24
4304538 24
4304546 24
4304556 8
4304566 67
4304573 24
4304582 8
4304592 67
4304599 24
4304608 8
4304618 67
4304625 24
4304634 8
4304644 19
4304651 48
4304661 68
4317116 408
4426150 96
4426157 368
4426165 3072
4457420 88
4457527 5
4457635 5
4457742 56
4478170 480
4492481 48
4492910 4096
4493055 48
4497762 1016
4497923 1008
4498250 1016
4838278 24
4838286 8
4838294 4
4838301 40
5078068 48
5078131 1492
5153788 73
5221536 48
5222507 48
5357408 48
5450906 48
5618085 160
5618677 48
5730805 48
5730913 2664
5731802 1464
5732026 48
5732102 48
5734001 32
5734009 8
5734031 24
5734042 8
5734053 23
5734060 22
5734066 24
5734085 24
5734092 22
5734098 21
5734104 24
5734112 24
5734123 8
5734133 21
5734140 21
5734146 24
5734153 24
5734166 8
5734180 21
5734187 21
5734193 21
5734199 24
5734210 8
5734223 21
5734240 22
5734246 22
5734252 24
5734262 24
5734275 8
5734285 23
5734292 23
5734298 23
5734304 23
5734310 24
5734317 24
5734331 8
5734345 81
5734352 18
5734358 16
5734368 24
5734375 24
5734383 24
5734395 8
5734408 67
5734415 24
5734429 8
5734445 67
5734452 24
5734461 8
5734471 67
5734478 24
5734487 8
5734497 19
5734504 48
5734514 68
5734529 1
5746603 408
5855637 96
5855644 368
5855652 3072
5870964 48
5877124 48
5887243 88
5887350 5
5887458 5
5887565 56
5908980 480
5909091 48
5922633 48
5922759 48
5922887 48
5923025 48
5923870 48
5926170 48
5926964 48
5927375 16384
5929759 48
5958604 8188
5963487 48
6022465 8188
6271891 24
6271899 8
6271907 4
6271914 40
6511846 48
6512108 32
6512114 96
6583540 48
6583669 48
6583933 48
6584196 48
6584448 48
6585485 48
6585749 48
6586012 48
6586264 48
6586393 48
6586517 48
6590796 73
6594082 48
6595080 48
6595386 48
6595488 48
6595588 48
6595886 48
6596394 48
6597073 48
6597411 48
6597516 48
6597616 48
6597710 48
6597804 48
6597901 7896
6598105 3912
6598207 48
6598309 3912
6598411 48
6598513 4904
6598615 48
6598714 48
6599011 48
6624180 48
6624301 48
6625472 48
6625579 48
6625681 1016
6625883 1016
6625985 48
6626087 1016
6626183 1016
6626278 48
6626373 1016
6631516 48
6634522 48
6635263 48
6638624 48
6638856 48
6643421 48
6646860 48
6646942 48
6663533 48
6664229 62008
6664708 48
6787707 48
6799797 48
6858855 40
6858933 302
6859011 21
6859085 6
6859155 50
6859225 20
6859295 251
6859365 57
6859435 11
6859505 5
6859575 9
6859645 142
6859715 40
6859785 12
6859855 84
6859925 16
6859995 18
6860065 5
6860135 4
6860205 4
6860275 15
6860345 24
6860415 3
7064388 8188
7067904 160
